1532199344.811964273 0.096418265 -0.013314028 -0.016880830 -0.047481663 0.836516372 -0.545879013 -0.001397998
1532199344.860817909 0.095777821 -0.012126808 -0.017416402 -0.045842614 0.830216295 -0.555549069 0.002142637
1532199344.911686182 0.095956083 -0.012770101 -0.014660811 -0.046843280 0.836564059 -0.545853922 0.003126906
1532199344.960526466 0.096354367 -0.010443612 -0.016443011 -0.045773415 0.837347966 -0.544699034 0.007492685
1532199345.011403084 0.093887187 -0.010333218 -0.020064232 -0.046898240 0.836562890 -0.545781629 0.009246641
1532199345.308556795 0.095783978 -0.001168736 -0.012890401 -0.062909421 0.834306602 -0.547410694 0.017788499
1532199345.556868076 0.107304469 0.012970610 -0.008875086 -0.080490127 0.832421564 -0.547537292 0.028259388
1532199345.856007576 0.135206766 0.037001935 -0.002443683 -0.100334161 0.827454981 -0.550908238 0.041850010
1532199346.252888203 0.160534064 0.066716259 -0.000481489 -0.120054643 0.825506500 -0.548957454 0.052646134
1532199346.997654438 0.197100780 0.108363482 -0.021396685 -0.130834727 0.824387476 -0.547477903 0.059460149
1532199347.493592262 0.209960467 0.108145788 -0.034616688 -0.139300229 0.828463674 -0.538506300 0.065225401
1532199348.287808418 0.214772942 0.104440283 -0.029536798 -0.151411179 0.821610870 -0.541249194 0.095286637
1532199349.082368851 0.186121593 0.081627554 -0.027488678 -0.105475578 0.825482909 -0.553351760 0.035421733
1532199349.776633263 0.131042596 0.051011143 -0.020368927 -0.041863001 0.817628524 -0.573486948 -0.029048345
1532199349.976183653 0.112324572 0.045415086 -0.019226884 -0.023949682 0.816456646 -0.574651122 -0.051000456
1532199350.124814272 0.100493313 0.041927681 -0.016706081 -0.011936680 0.815736607 -0.574699502 -0.064434349
1532199350.621717691 0.066181355 0.036284389 -0.007485408 0.019743157 0.812539386 -0.573438861 -0.102751281
1532199351.317775249 0.044987518 0.031359300 0.001211066 0.029039086 0.807753244 -0.578793307 -0.108119081
1532199351.665779829 0.057064475 0.034271442 0.001930641 0.004325708 0.811825247 -0.578501972 -0.079098198
1532199352.013817787 0.084845441 0.042357878 -0.003836285 -0.024206409 0.820410407 -0.570178976 -0.035167442
1532199352.113543510 0.092475524 0.044579050 -0.006021407 -0.029438682 0.822001490 -0.568030320 -0.028079709
1532199352.162392378 0.095688255 0.045323245 -0.007042946 -0.031003052 0.822724875 -0.566972236 -0.026553236
1532199352.262107611 0.101403480 0.046931818 -0.009850223 -0.032468865 0.824147601 -0.564807471 -0.026814657
1532199352.809605598 0.091700745 0.032572640 -0.032268325 -0.037704028 0.837834970 -0.544237466 -0.020409534
1532199353.057900429 0.096642994 0.031658989 -0.048349343 -0.039167852 0.845625728 -0.532008288 -0.018713340
1532199353.554463625 0.110086871 0.040238517 -0.085639355 -0.046653792 0.874252875 -0.483174928 -0.006879186
1532199353.951323748 0.116060987 0.052872488 -0.114684801 -0.053229383 0.895126746 -0.442612506 -0.002985060
1532199354.150782824 0.118610213 0.057773647 -0.126519727 -0.057372702 0.904608207 -0.422365048 -0.000361916
1532199354.846835136 0.126331469 0.062733704 -0.164222983 -0.066018686 0.920901694 -0.384158010 0.002055795
1532199355.492062569 0.125998062 0.039707685 -0.168877483 -0.069556960 0.913891306 -0.399944218 0.003021913
1532199356.088062286 0.114786269 0.005183592 -0.137977156 -0.070307703 0.885172248 -0.459872391 -0.006655990
1532199356.236608267 0.110158840 -0.003196211 -0.124274876 -0.071598459 0.875942637 -0.476988275 -0.008963400
1532199356.436098814 0.105131052 -0.013487461 -0.102032379 -0.072066289 0.863125927 -0.499747169 -0.008535297
1532199356.484915018 0.101916204 -0.015662610 -0.095310760 -0.072667708 0.859239149 -0.506320171 -0.008208141
1532199357.081200123 0.091921473 -0.038607529 -0.037271633 -0.069486879 0.809245624 -0.583346072 0.000674459
1532199357.380375385 0.089139615 -0.043754205 -0.005550082 -0.071023863 0.790359308 -0.608502698 0.003498787
1532199357.677469015 0.083902818 -0.041526410 0.029484149 -0.071117866 0.762965019 -0.642482511 0.006546136
1532199358.125183582 0.083099367 -0.024909125 0.073623607 -0.068383415 0.727215361 -0.682824223 0.015251476
1532199358.224949121 0.083213047 -0.020984600 0.083740645 -0.068929974 0.719819238 -0.690525305 0.016844176
1532199358.622173548 0.077761660 -0.002626970 0.114493757 0.070781862 -0.695024303 0.715229595 -0.019436379
1532199358.671084642 0.077265032 -0.001714943 0.116558450 0.070888822 -0.692935511 0.717230044 -0.019905192
1532199358.870769501 0.076551087 0.000277674 0.122729843 0.071028327 -0.688233887 0.721653206 -0.022488724
1532199359.019534588 0.076656634 -0.001177864 0.124343717 0.071058068 -0.688383753 0.721472571 -0.023577292
1532199359.119427443 0.074121000 0.002202055 0.124898434 0.071261073 -0.689475003 0.720420463 -0.023247284
1532199359.170386791 0.073122100 0.003292535 0.124696346 0.071527980 -0.690342729 0.719572348 -0.022941234
1532199359.219311714 0.072380826 0.003694539 0.124315273 0.071889157 -0.691490849 0.718448643 -0.022447762
1532199359.268243313 0.070148996 0.005829360 0.125122113 0.072541678 -0.692954156 0.716981759 -0.022122372
1532199359.567882538 0.065567511 0.008493689 0.113833263 -0.075518729 0.709067481 -0.700794320 0.020187884
1532199359.616797447 0.064798034 0.009476974 0.111752860 -0.076418880 0.711818230 -0.697921337 0.019513322
1532199359.667739630 0.063962302 0.010555987 0.109804320 -0.077413252 0.714734285 -0.694847270 0.018691237
1532199359.965317488 0.063561872 0.013452669 0.091181161 -0.083081356 0.735052406 -0.672755913 0.013961723
1532199360.165024519 0.061571182 0.017266068 0.078729270 -0.086721030 0.752987109 -0.652160099 0.013307246
1532199360.462541103 0.056805470 0.029060093 0.062248625 -0.089482099 0.774855643 -0.625708159 0.008999226
1532199360.711050510 0.055233914 0.044473468 0.050990117 -0.092587471 0.789703762 -0.606423209 0.006813239
1532199361.407759905 0.049838236 0.074751295 0.044230138 -0.099041943 0.817549153 -0.567203206 0.009197749
1532199361.904676676 0.068968781 0.078578817 0.024577870 -0.109410083 0.816380473 -0.566328966 0.028702956
1532199362.203991890 0.081576964 0.084832634 0.015850494 -0.133515826 0.816310914 -0.557790225 0.068411116
1532199362.998178244 0.125765838 0.093925205 0.010628621 -0.175759688 0.808308088 -0.548079155 0.123918548
1532199363.694642067 0.182334937 0.109870098 -0.011118484 -0.205429791 0.806159308 -0.536295746 0.142452250
1532199364.539814234 0.226130431 0.122511660 -0.078067413 -0.236465621 0.828085117 -0.487786966 0.142908804
1532199364.888077021 0.220575263 0.112766734 -0.103427135 -0.233415693 0.840722775 -0.469881182 0.133843213
