1532199344.712222576 0.096424530 -0.012874195 -0.017183500 -0.050013544 0.836987643 -0.544929700 -0.001397677
1532199344.811964273 0.096441402 -0.012132801 -0.015816295 -0.049481842 0.835085341 -0.547876041 0.003982897
1532199344.860817909 0.096273220 -0.010716272 -0.014870583 -0.051173438 0.833429356 -0.550237100 0.003990274
1532199344.911686182 0.096235760 -0.009478527 -0.012658829 -0.050488830 0.835427740 -0.547234436 0.006770624
1532199344.960526466 0.095400482 -0.006802957 -0.011266700 -0.051443470 0.834449193 -0.548622532 0.007837864
1532199345.259707689 0.092128484 0.000780459 -0.007136561 -0.063443685 0.833991079 -0.547805941 0.018504857
1532199345.508025646 0.113443963 0.015905130 -0.001288621 -0.079490901 0.832555158 -0.547651083 0.024726430
1532199346.252888203 0.159313607 0.071230351 0.006115328 -0.123117327 0.825035447 -0.548605303 0.056487671
1532199347.048472881 0.198909912 0.114153475 -0.014923972 -0.135196603 0.824510765 -0.546056808 0.061039650
1532199348.040063381 0.211417662 0.111287176 -0.022975889 -0.149120051 0.825019639 -0.537899263 0.088148672
1532199349.031482458 0.187424069 0.087909821 -0.018859370 -0.114705803 0.826643058 -0.549111860 0.044497180
1532199349.330641747 0.166316049 0.074047064 -0.016497306 -0.084295774 0.824768723 -0.558945745 0.015179919
1532199350.025055885 0.109630903 0.047706167 -0.012827782 -0.023186428 0.817845073 -0.572550566 -0.052703657
1532199350.273453712 0.090513276 0.041855699 -0.008281526 -0.004888493 0.816659916 -0.572510259 -0.072627047
1532199350.772350311 0.063043188 0.036433440 -0.001276690 0.022180020 0.809920870 -0.575574824 -0.110679058
1532199351.417477608 0.057560165 0.033340709 0.003926431 0.024094729 0.807730126 -0.580042848 -0.102673187
1532199352.013817787 0.052806043 0.038803770 0.005312493 -0.033906861 0.820523457 -0.570061145 -0.024937359
1532199352.113543510 0.049843132 0.038849888 0.003584042 -0.038415971 0.822075270 -0.567808428 -0.017608275
1532199352.461568832 0.060705717 0.043499652 -0.007979818 -0.039052406 0.827593777 -0.559490518 -0.023104357
