1532199344.663376093 0.096427106 -0.012337473 -0.017558691 -0.053295538 0.837110540 -0.544429371 -0.001479649
1532199344.712222576 0.096568017 -0.011674733 -0.016833812 -0.053987022 0.834761640 -0.547958225 0.000435464
1532199344.811964273 0.096883113 -0.010186968 -0.014796909 -0.052625078 0.837554541 -0.543765256 0.007234561
1532199344.860817909 0.097504648 -0.009011528 -0.013325736 -0.051484451 0.834868653 -0.547943802 0.010063491
1532199344.911686182 0.098298013 -0.007250214 -0.011968487 -0.052663968 0.835271477 -0.547224085 0.009688433
1532199345.208839178 0.094726379 0.001232132 -0.007191220 -0.062445010 0.832972907 -0.549424280 0.019741290
1532199346.204056025 0.132080588 0.051053570 0.000328670 -0.132859896 0.823353553 -0.548146308 0.063030155
1532199347.741508961 0.209887266 0.111884501 -0.025960560 -0.156029337 0.826881692 -0.534149006 0.081279476
1532199348.486871481 0.208124277 0.104330911 -0.018190447 -0.155400774 0.822963483 -0.538890852 0.090434252
1532199348.931824684 0.196476149 0.093342995 -0.017668260 -0.126904779 0.826678748 -0.545302424 0.056059710
1532199349.579100609 0.145002388 0.063905052 -0.012473494 -0.065940583 0.821140498 -0.566874081 -0.005822173
1532199349.976183653 0.112042717 0.048819386 -0.010979284 -0.032644332 0.818499278 -0.571739214 -0.045908062
1532199350.224566460 0.092051944 0.045912303 -0.005603489 -0.012216569 0.818011613 -0.571355547 -0.065273239
1532199350.621717691 0.062610576 0.042382123 0.000824257 0.011435453 0.814430340 -0.572151818 -0.095993484
1532199351.368674278 0.035112245 0.035774132 0.010701813 0.018384845 0.809053766 -0.579236068 -0.097875326
1532199351.865245819 0.036601035 0.041419900 0.011053297 -0.029353795 0.818234807 -0.572870467 -0.038073393
1532199352.162392378 0.041642557 0.041748221 0.006911530 -0.044572720 0.823489880 -0.565435498 -0.012664427
1532199352.758724928 0.062765023 0.045675054 -0.018239227 -0.050166536 0.836199392 -0.545990403 -0.012180922
1532199353.355040789 0.083950720 0.055494482 -0.062684917 -0.054944831 0.862227735 -0.503497353 -0.005900308
1532199354.051038742 0.092862499 0.072726532 -0.111011412 -0.068193576 0.899015040 -0.432540293 0.005521754
1532199354.250487566 0.098047814 0.076616628 -0.122864490 -0.071155168 0.907946481 -0.412973932 0.004760396
1532199354.447914362 0.105035612 0.080957196 -0.133908856 -0.071767506 0.913718261 -0.399946151 0.003382300
1532199354.995424509 0.107028374 0.078939256 -0.155998234 -0.078056194 0.921271520 -0.380962302 0.005808720
1532199355.640611887 0.106810164 0.050277473 -0.154510009 -0.079428065 0.907040755 -0.413454587 0.004853386
1532199355.988309860 0.098325888 0.028841590 -0.135898501 -0.080856675 0.889859923 -0.449011287 0.000616777
1532199356.436098814 0.090322348 0.003917363 -0.092994935 -0.081240395 0.862422220 -0.499614371 -0.003659526
1532199356.584685802 0.087735926 -0.006226019 -0.076478083 -0.080702135 0.850374445 -0.519951660 -0.000860494
1532199357.081200123 0.076519810 -0.021715889 -0.031489170 -0.079213559 0.808282003 -0.583393087 0.007610655
1532199357.728365660 0.066970577 -0.018968965 0.042184742 -0.080003058 0.757446301 -0.647801687 0.015085991
1532199357.976600885 0.068351088 -0.007569545 0.067000561 -0.077441128 0.736972412 -0.671184585 0.019641499
1532199358.324726105 0.062455607 0.012046558 0.101973955 -0.077781836 0.711465993 -0.697898190 0.026537568
1532199358.422491074 0.060742148 0.015925818 0.109691364 -0.078814122 0.704797246 -0.704486167 0.027357228
1532199358.921703100 0.059599263 0.023531104 0.129655605 0.078938141 -0.687110708 0.721579595 -0.031153379
1532199358.970611811 0.058488232 0.024971767 0.129336493 0.078775926 -0.687168448 0.721527985 -0.031484032
1532199359.019534588 0.059057456 0.022894030 0.129681716 0.078669494 -0.687578169 0.721143625 -0.031610839
1532199359.170386791 0.058711391 0.020289394 0.129087977 0.079533076 -0.689833186 0.718924799 -0.030851220
1532199359.219311714 0.057856002 0.022928181 0.128523519 0.079926068 -0.690913508 0.717865321 -0.030327017
1532199359.368121386 0.055329995 0.024243524 0.124905298 0.081455437 -0.696759429 0.712071014 -0.029089201
1532199359.419108391 0.055083722 0.026306358 0.122696977 0.081880556 -0.699612664 0.709237809 -0.028625615
1532199359.468033075 0.053549595 0.029111039 0.120337191 0.082415119 -0.702374844 0.706441475 -0.028596661
1532199359.567882538 0.051724898 0.030727219 0.116224972 -0.083398964 0.708445280 -0.700262299 0.027975173
1532199359.865447283 0.046259030 0.039063163 0.099749134 -0.088769193 0.726632418 -0.680883705 0.022863512
1532199359.965317488 0.045088074 0.042799736 0.093750125 -0.091319549 0.734028859 -0.672594541 0.021885079
1532199360.313776731 0.040450755 0.052585316 0.073199747 -0.095729461 0.764079587 -0.637713181 0.018443285
1532199360.462541103 0.040714136 0.057618619 0.067995497 -0.097960656 0.773934313 -0.625446200 0.015698393
1532199361.307947397 0.037713754 0.098312969 0.039529445 -0.108400379 0.817183533 -0.565931232 0.013500795
1532199361.556408405 0.034610377 0.099549466 0.036356077 -0.107449998 0.815561399 -0.568314869 0.018229445
1532199361.955584764 0.056759974 0.104935532 0.016757148 -0.122126858 0.815357278 -0.564537491 0.039685767
1532199362.303827286 0.073531391 0.110546137 0.011866907 -0.149090227 0.814557996 -0.553734945 0.087435606
1532199363.297530174 0.133908899 0.129765425 0.000503206 -0.196495614 0.802092394 -0.548080536 0.132834451
1532199363.645801783 0.162788120 0.139693502 -0.013019991 -0.212378584 0.802963766 -0.537240074 0.146688887
1532199364.590712786 0.214403583 0.153637997 -0.087765707 -0.244762147 0.827477160 -0.483516466 0.146917897
1532199365.336196661 0.179289747 0.122014459 -0.151146659 -0.206854201 0.860143248 -0.454877883 0.102230351
