1532199344.663376093 0.096425799 -0.012509827 -0.017443537 -0.052216681 0.837172663 -0.544438431 -0.001464778
1532199344.712222576 0.096489022 -0.012055677 -0.016962446 -0.052678156 0.835656364 -0.546720355 0.000554056
1532199344.811964273 0.096638983 -0.010566815 -0.015150390 -0.052053084 0.834710580 -0.548182317 0.006698576
1532199344.860817909 0.098425355 -0.009059145 -0.011647286 -0.050010776 0.832909343 -0.551053146 0.010068694
1532199344.911686182 0.098334804 -0.008300957 -0.011594457 -0.050296361 0.834577085 -0.548466161 0.011671959
1532199345.208839178 0.095636568 0.002317815 -0.006963983 -0.061844450 0.832867715 -0.549707919 0.018106291
1532199346.004561424 0.143667592 0.054820222 0.007341940 -0.119667670 0.825484582 -0.549160868 0.051741610
1532199347.145991564 0.197562837 0.115727383 -0.013646885 -0.137354908 0.825184056 -0.543594699 0.068627306
1532199347.196829796 0.199055347 0.116017229 -0.016380566 -0.137605846 0.825828074 -0.542459147 0.069359189
1532199348.486871481 0.206861313 0.106935874 -0.017735959 -0.153445087 0.821768041 -0.540942368 0.092375573
1532199349.330641747 0.167994546 0.076661852 -0.016299782 -0.085849483 0.823801517 -0.560089929 0.016739129
1532199349.976183653 0.114217650 0.053275167 -0.011727950 -0.029510993 0.817124441 -0.573882985 -0.045771926
1532199350.324395657 0.091553348 0.046479175 -0.006028070 -0.002734289 0.815339834 -0.574035112 -0.075479591
1532199350.672635794 0.070038019 0.041326138 -0.001225501 0.018115670 0.812219656 -0.574041589 -0.102212068
1532199351.317775249 0.057513738 0.038239805 0.005556165 0.028177046 0.808052635 -0.578800708 -0.106050617
1532199351.765510082 0.049658637 0.039364338 0.006037260 -0.014500832 0.814947776 -0.576680912 -0.055578546
1532199352.310952902 0.057488971 0.046259193 0.000357761 -0.038791583 0.825126251 -0.563297908 -0.018903691
1532199353.007042170 0.075408791 0.046825735 -0.036541013 -0.049315256 0.842869657 -0.535728537 -0.011562097
1532199353.703047991 0.093055125 0.063023295 -0.088475641 -0.058643063 0.880545246 -0.470320078 0.000291696
1532199353.902475119 0.103868655 0.067050370 -0.103883455 -0.060097727 0.891791567 -0.448436622 0.000811966
1532199354.051038742 0.106477883 0.069787325 -0.112638629 -0.062940373 0.899561366 -0.432227520 0.002688819
1532199354.250487566 0.110277812 0.072993528 -0.124285262 -0.066230950 0.908298002 -0.413033237 0.003427333
1532199354.895702839 0.115640172 0.075572790 -0.158762391 -0.073933761 0.920913403 -0.382648267 0.005710233
1532199355.591768265 0.112447120 0.049773969 -0.159281546 -0.077237074 0.909343272 -0.408772685 0.005842991
1532199355.988309860 0.106734412 0.026035178 -0.138925047 -0.076931512 0.890410690 -0.448609309 0.000182504
1532199356.287484407 0.098311538 0.009479716 -0.112356183 -0.078808574 0.872380439 -0.482411498 -0.004552565
1532199356.385184765 0.094828618 0.004115618 -0.101072817 -0.079850038 0.866105869 -0.493425290 -0.004009723
1532199356.535834074 0.091727224 -0.004882817 -0.083148443 -0.079362308 0.854618275 -0.513150603 -0.002384485
1532199357.329463720 0.081305574 -0.024434230 -0.004020662 -0.077125437 0.793428253 -0.603708132 0.007730860
1532199358.025450230 0.072324396 -0.002903690 0.070190646 -0.074623327 0.733437637 -0.675381248 0.018993716
1532199358.373603582 0.068396939 0.012197393 0.101885080 -0.075981148 0.708299637 -0.701371687 0.024824291
1532199358.770929813 0.060668126 0.031733560 0.125461190 0.076427930 -0.688925635 0.720273407 -0.027321429
1532199358.870769501 0.059129659 0.035601390 0.129231416 0.076447258 -0.687472455 0.721604252 -0.028718345
1532199359.070498705 0.059366294 0.034545296 0.129697401 0.076518367 -0.688025847 0.721038417 -0.029478389
1532199359.468033075 0.057524680 0.028443866 0.117045275 0.080446155 -0.702466429 0.706650216 -0.026735846
1532199359.865447283 0.050651187 0.038278336 0.092433353 -0.087138649 0.726910159 -0.680861729 0.020875407
1532199359.965317488 0.046649710 0.047270833 0.086516932 -0.089469375 0.734310704 -0.672592157 0.020070186
1532199360.114080667 0.044587827 0.051088463 0.075670060 -0.092446235 0.747441473 -0.657568169 0.019724118
1532199360.264907837 0.043178741 0.052954503 0.066380159 -0.093714823 0.760548017 -0.642237238 0.017764443
1532199360.562337875 0.040723313 0.064266440 0.050840660 -0.097702253 0.779431890 -0.618670454 0.013677297
1532199361.607352018 0.033315680 0.109724873 0.023728219 -0.105373339 0.814956805 -0.569555419 0.018667899
1532199362.749694586 0.094642599 0.125258125 -0.000274563 -0.172701704 0.810556560 -0.546631579 0.119858673
1532199363.097963572 0.115683324 0.130731813 -0.003160880 -0.186186131 0.804787996 -0.548428868 0.129910673
1532199363.994053364 0.185307938 0.155116196 -0.043025524 -0.224803966 0.810755536 -0.518318441 0.153246962
1532199364.242479563 0.199218588 0.160074859 -0.063399385 -0.237049110 0.815990334 -0.504860011 0.151933747
1532199365.385092735 0.169370606 0.127252738 -0.160391646 -0.202419280 0.861988205 -0.454282412 0.098133886
1532199365.584732533 0.151334788 0.113676296 -0.173449900 -0.189216428 0.868642902 -0.450263185 0.083184831
1532199366.281311035 0.058212386 0.059102408 -0.197954310 -0.123062395 0.882243315 -0.454223136 0.013554434
1532199366.778287172 -0.014092361 0.028931924 -0.196561021 -0.068445645 0.882899606 -0.462520150 -0.043342712
1532199366.827163458 -0.021482796 0.025473058 -0.196095777 -0.062389880 0.882265835 -0.463997612 -0.049200768
1532199366.926965952 -0.034429328 0.019817800 -0.194078592 -0.050795394 0.880750739 -0.466881259 -0.060990605
1532199367.375079632 -0.077946252 -0.001486703 -0.180811603 -0.008432035 0.869312870 -0.482978646 -0.104669303
1532199368.120439529 -0.080623510 -0.018544461 -0.151132391 -0.000374906 0.852734186 -0.509280483 -0.116093307
1532199369.114167690 -0.030102985 -0.045408734 -0.066087850 -0.000651531 0.811351988 -0.579167054 -0.079202588
1532199369.513227224 0.005117204 -0.049489059 -0.029816560 -0.005223220 0.787228327 -0.614837630 -0.047105926
1532199369.959214687 0.036767566 -0.037751884 -0.012100088 -0.020680992 0.768298634 -0.639460134 -0.019499818
